21.446092
54.431575
20.282058
28.681816
43.319481
49.654350
51.449136
42.303117
45.869371
67.328587
76.191441
38.032154
50.724501
67.030780
38.908232
117.008010
87.074512
35.846216
21.229237
128.397733
39.669113
34.881523
46.109587
59.536964
64.929886
93.917283
92.962682
59.379135
22.159473
31.004805
66.177818
80.833496
39.165325
115.053735
76.923590
97.149972
91.531682
33.713519
21.198033
52.875879
39.772247
31.830974
31.806957
66.332867
52.111904
74.267121
61.988302
48.260980
72.136092
38.283869
26.371432
68.759918
29.170449
32.459215
220.521611
77.982782
45.505007
45.709875
46.274037
31.183078
141.041547
59.170080
36.487344
34.054455
80.796253
55.244451
264.004229
94.336865
69.994430
42.849239
81.356901
55.971419
61.520222
137.845609
239.390616
51.789563
30.603789
153.128222
36.579548
72.031067
63.034137
44.254341
61.129924
89.958660
86.962189
83.317122
48.596506
45.377758
58.403111
72.339861
44.681548
44.961224
88.964917
101.274879
73.302659
59.910047
37.986698
43.018882
72.597729
62.170490
53.154304
37.023459
43.319481
51.449136
24.340683
22.737512
51.955640
74.241537
47.415813
42.303117
32.769668
45.869371
58.536904
68.928011
18.443406
76.191441
38.032154
71.769317
121.506312
45.992017
48.229715
49.887089
25.771857
53.022381
61.519679
50.372961
38.908232
89.461253
25.251200
76.106421
77.044555
37.790510
34.881523
46.109587
59.536964
64.929886
93.917283
92.962682
31.526115
71.274396
73.625552
34.849878
38.713660
66.177818
80.833496
34.817481
75.053784
39.165325
66.014042
49.634783
66.065574
35.741789
88.301964
38.775162
115.053735
27.297070
76.923590
64.259371
97.149972
43.433758
24.458131
41.367638
53.822317
91.531682
28.695636
55.058446
29.647078
121.501811
28.486287
79.427916
33.713519
53.698853
25.368418
48.706865
51.243565
65.293132
34.265953
21.709898
60.337402
171.535451
54.431575
109.208125
96.546177
46.332915
44.736073
44.668305
20.282058
54.299040
106.562446
28.681816
86.323253
47.482329
49.654350
74.241537
48.064548
93.468554
25.629353
121.506312
150.673020
67.030780
51.182657
53.022381
117.008010
87.074512
79.101417
128.397733
39.669113
57.650837
133.821052
99.542555
22.159473
31.004805
66.177818
80.833496
77.522214
116.473456
58.884004
42.794940
46.544346
27.297070
41.365960
56.213647
158.855353
139.182113
53.822317
27.617915
46.347175
51.234996
52.875879
29.717120
30.044628
52.741620
56.306821
84.607264
66.036293
130.257406
34.864799
64.506519
33.307749
60.146199
71.950170
60.582113
26.425097
42.081705
54.544110
73.413323
32.008657
195.873763
33.609106
45.709875
58.069831
40.536000
104.297477
53.274805
40.731133
178.464871
80.922404
103.570296
76.270059
48.260980
170.025253
104.297477
73.925180
56.895192
65.956590
63.757862
127.700075
72.741248
85.310716
109.580946
49.278567
90.114330
60.569096
112.895884
47.005174
122.644273
110.121366
59.468401
116.836633
109.325265
96.492966
169.374265
83.001777
106.299876
85.180748
72.691683
55.056636
107.357532
178.929326
160.668490
75.730072
187.875098
68.891551
128.147126
128.082803
112.716921
73.934968
114.686139
115.033414
82.713408
60.970988
137.195319
74.476858
83.817421
85.558686
150.672402
85.174854
78.687115
191.562265
70.307858
71.038863
82.309850
55.648533
68.678694
87.506134
114.943883
79.335378
89.097288
340.227752
163.599956
155.061880
111.808891
217.514594
247.117931
96.182679
206.427178
252.599780
180.998471
100.711659
102.518916
92.706885
77.382599
141.005092
45.377758
59.910047
37.986698
43.018882
44.819663
48.229715
61.519679
66.014042
49.634783
66.065574
88.301964
41.367638
48.326135
65.293132
68.718263
90.789080
102.512997
41.796638
31.806957
37.701725
46.416131
39.279525
53.763293
184.832150
68.759918
54.698981
47.897210
91.281616
67.454837
22.402619
59.170080
79.750822
43.523116
48.617325
121.219848
48.290261
53.169128
111.587962
127.088966
58.392598
33.341495
26.615192
22.077924
38.707040
35.373381
42.631304
115.916910
37.766760
41.521174
37.203467
120.066537
190.676580
131.273987
64.277446
63.034174
85.583572
65.640400
53.186729
51.992945
110.384904
114.891099
37.324589
28.325399
99.688197
26.196841
84.789470
108.017563
94.787796
125.620434
188.312512
36.952561
145.895834
55.237327
29.381924
87.554482
100.332681
89.212965
72.693392
89.378595
41.944659
64.514488
34.265953
106.562446
51.182657
41.365960
41.367638
28.486287
79.427916
51.243565
40.536000
36.487344
42.704788
72.251000
112.453858
43.086749
45.070119
63.770271
40.895992
38.707040
38.948724
37.766760
41.521174
86.334335
28.325399
112.549212
33.006524
105.230324
39.095604
75.021405
36.952561
27.191667
79.658188
111.862499
29.381924
127.522834
60.630909
64.514488
48.384745
36.041843
66.017921
65.140775
65.702673
89.697942
48.271461
119.530905
42.887850
82.840194
37.530374
89.046728
144.911210
90.677482
47.706210
44.272382
42.736378
68.824992
76.999118
67.587743
62.199683
53.336664
60.678816
108.362900
57.985486
105.104753
137.706847
166.193618
98.887953
154.150613
95.061544
132.253453
105.927673
79.105745
94.939799
111.012982
64.638242
130.606556
64.249472
100.528228
56.906766
175.101054
39.849445
98.500648
110.394564
86.750385
107.235061
91.654197
84.171688
75.649504
58.403111
49.654350
51.449136
45.869371
93.917283
185.207435
73.625552
27.297070
33.307749
53.713299
34.186399
51.641624
49.403180
77.982782
31.183078
53.274805
40.731133
59.170080
69.434386
80.796253
144.162802
93.180304
155.862605
114.153114
55.942504
41.704691
64.753371
26.615192
106.455172
55.911043
100.871833
63.770271
51.972027
236.437756
63.790621
36.939355
67.539631
25.001990
82.782228
29.219065
58.360129
66.626178
72.741248
25.728500
56.581189
58.595565
89.937519
103.993912
114.891099
73.638168
110.280579
126.629796
46.541199
55.067115
169.547887
68.166300
57.765159
47.281676
115.121356
39.218218
38.326688
184.754859
45.031092
143.910980
102.125637
75.581965
41.643913
66.207738
48.124794
92.618328
78.334708
128.834151
96.904840
42.891887
60.394771
29.394330
90.813353
69.750253
41.114875
73.969155
94.323069
75.213817
117.526592
78.874260
43.712338
108.623618
44.028965
72.285302
25.629353
25.771857
91.942193
25.251200
34.849878
38.713660
41.365960
83.954770
43.932999
32.021791
48.326135
32.335027
46.211573
68.718263
41.796638
60.146199
38.283869
31.347707
17.881348
33.609106
117.008582
31.183078
73.897873
39.247194
36.630545
35.472965
94.336865
55.971419
58.834985
50.786882
22.129118
63.034137
163.639700
43.010397
176.342379
111.291306
33.648871
31.970719
134.481177
133.018029
57.115977
70.156309
54.311140
37.625103
110.591224
82.849023
47.005174
46.541199
105.157940
67.582454
49.653323
49.446859
98.973838
84.788927
43.676822
75.021405
36.408690
67.874089
27.191667
48.751976
126.613950
96.480695
110.226021
52.633371
76.928284
114.774863
72.298512
78.079303
37.006182
102.118903
96.235277
65.500578
49.614418
109.940851
82.253058
102.409522
61.018811
108.555094
45.736710
38.358783
115.033414
85.272054
78.911417
48.741157
57.304372
117.115720
172.359184
69.799845
91.094101
75.426333
66.254000
29.121353
28.737901
36.373513
41.851055
38.910722
40.256040
39.673795
31.575396
33.944544
59.427138
32.626526
42.393869
74.023417
45.308433
57.745411
69.228241
72.807624
27.677838
33.845603
51.121789
37.584593
37.019735
47.772177
26.443534
97.050793
60.549700
84.408988
49.315954
45.161404
35.291648
30.106452
45.821728
31.578966
36.459908
50.627320
50.512955
63.857566
88.011460
29.885380
37.512599
30.984781
32.026672
64.135470
67.366582
76.177522
75.692757
64.790073
58.754732
38.117079
37.325109
40.136658
33.611996
34.421374
32.766582
27.694001
49.154498
61.531576
36.166196
36.197369
60.746789
73.465841
56.897149
45.760926
40.284402
84.507798
50.430891
54.328775
56.675125
54.695294
34.142480
42.597216
39.983529
50.315481
30.904179
61.542211
42.953506
58.122036
63.496163
36.610137
24.721127
40.962013
45.766556
48.824031
63.968128
72.192826
77.108774
59.918360
70.238577
59.870167
58.179087
78.372992
81.413353
61.322153
92.559557
56.181318
54.839681
73.667228
49.088186
70.206449
66.119958
63.222579
71.059023
72.750994
61.142860
53.274564
52.835469
99.108817
64.095537
83.854538
39.502381
54.031440
50.764580
64.566296
66.797993
88.404443
79.349461
56.315759
37.181492
35.223318
41.467466
40.703566
38.135254
41.902277
65.694101
102.415097
57.245135
64.477502
41.773986
66.900904
61.230624
70.419849
53.108128
37.457645
36.218143
45.222253
53.265804
79.663166
65.790207
49.116608
49.648976
52.532544
56.140717
45.209979
37.717770
48.987771
37.933086
38.465607
69.915920
66.963337
40.709600
47.193669
57.641958
58.029309
56.704793
57.217800
38.498609
32.641034
42.073997
45.156425
35.926684
36.067921
44.630907
35.708793
55.094286
76.357410
70.445296
32.764245
33.900527
43.759340
23.424869
33.587374
37.182776
42.303927
55.081592
26.701825
30.564295
40.962068
34.254123
52.753683
40.114479
103.441881
47.852646
154.501355
68.652641
63.963374
41.391366
48.297841
40.381136
55.521592
71.236766
64.211614
62.891844
84.318875
58.261592
64.753985
47.038258
31.152234
36.120430
37.809273
39.958812
30.643751
24.598087
38.956640
50.068645
51.771689
48.833214
49.641521
27.868199
27.977289
40.928029
53.083210
54.112732
57.192395
46.432447
39.764245
31.954669
84.250896
131.261237
85.950088
101.441376
92.598257
65.994323
65.390363
36.042807
35.814547
92.809296
67.156233
78.342318
41.524404
51.648958
68.738703
68.719841
44.453074
52.734535
52.459979
48.480353
38.521789
45.802726
50.440930
49.119416
63.698947
65.607991
64.685177
62.899739
126.882219
108.104278
49.097051
61.852185
43.018158
92.697057
39.029579
107.936867
51.755879
74.555574
99.801539
92.794563
76.086953
65.907623
59.471642
65.403936
70.185315
32.982425
41.754628
48.054562
45.609110
41.828724
38.924597
51.830901
70.553265
92.182050
112.769932
126.051551
81.148818
81.063794
45.378862
29.881785
30.877277
59.010389
51.457976
37.058009
49.557942
52.458635
57.697668
59.662450
38.025449
38.013063
43.646913
51.865867
45.105119
60.159445
59.298148
53.837777
87.031037
91.753748
65.230542
77.908780
62.409266
40.189909
49.941260
56.154269
41.000731
108.321858
98.752264
54.903136
71.468283
55.888636
82.804990
59.000980
57.729228
50.777524
50.774309
70.036979
59.337712
60.428375
54.681616
110.018551
71.771274
68.391404
71.196776
66.901537
62.132572
42.379003
42.937623
40.184654
39.690801
45.288204
45.379569
61.410861
30.190715
38.586885
44.954072
46.015545
63.312747
33.297513
42.842544
34.893577
46.643675
61.721807
49.765091
43.749601
57.479329
34.536154
40.262415
45.131818
41.492254
57.339160
46.328744
102.683262
124.447068
51.107587
40.519304
51.387093
40.714847
66.016471
115.331572
79.300173
106.674148
75.613982
57.462100
55.808702
47.020460
56.293977
59.232653
46.747638
64.401112
46.244894
51.783404
49.526028
59.911323
67.974546
63.152722
44.554866
50.140928
54.463653
36.725080
94.253853
54.492003
34.113705
81.118547
49.742888
51.218748
75.473474
48.121272
46.405004
65.875917
66.969536
97.246084
44.104430
40.991954
105.027198
34.780732
53.404247
45.100145
31.336297
50.939534
84.351042
91.482943
77.776774
42.560702